CACHE type 5 produced by analog 6.0/Unix. Do not modify or delete!
T	0	0	702	171	66	615	18607124
D	27064608	27097926
18794	249	11	1	1439
18794	250	1	0	33883
18794	252	2	1	34569
18794	253	1	1	686
18794	257	3	2	35247
18794	258	12	0	34587
18794	259	3	0	192
18794	261	2	2	1364
18795	25	1	0	64
18795	26	18	0	1386
18795	31	1	1	687
18795	35	1	1	682
18795	42	1	1	682
18795	46	1	1	687
18795	87	1	1	687
18795	108	1	0	33883
18795	110	1	0	33883
18795	115	2	0	0
18795	175	8	1	365025
18795	177	1	1	12232
18795	222	2	1	12232
18796	100	1	1	12284
18796	104	9	1	12232
18796	136	8	0	0
18796	173	9	0	145922
18796	178	1	1	12232
18796	208	15	1	413453
18796	219	1	1	12232
18796	248	1	1	12284
18796	254	1	1	12232
18796	262	11	1	19430
18796	263	2	0	3717
18796	273	9	1	365026
18796	285	2	1	12257
18796	286	2	0	70048
18796	287	14	1	646534
18797	24	1	1	12233
18797	104	1	1	12233
18797	139	2	2	12233
18797	178	1	1	12233
18797	189	1	1	12233
18797	229	1	1	12233
18797	264	1	1	12233
18798	58	2	1	12309
18798	152	2	1	12257
18798	177	1	1	12233
18798	196	1	1	12233
18798	208	1	1	12233
18798	227	1	1	12233
18798	231	12	1	20286
18798	232	1	1	12233
18798	244	4	0	16725
18798	264	11	1	163147
18798	265	1	1	12298
18799	122	1	1	12233
18799	176	1	1	12233
18799	221	2	1	12233
18799	222	2	1	12233
18800	33	4	1	191452
18800	52	1	1	12298
18800	178	1	1	12233
18800	213	1	1	12233
18800	218	2	2	24466
18800	269	1	1	12233
18801	10	28	1	989709
18801	78	1	1	12285
18801	136	1	1	12233
18801	168	43	1	2424960
18801	169	11	0	499657
18801	172	19	0	1382523
18801	173	1	0	7033
18801	177	1	0	37501
18801	179	1	1	12233
18801	219	1	1	12233
18801	221	1	1	12233
18801	229	1	1	12298
18802	77	30	1	878749
18802	78	10	0	429741
18802	84	1	0	33883
18802	85	2	0	6975
18802	87	13	0	436681
18802	88	3	0	7054
18802	89	11	0	429764
18802	92	13	0	436684
18802	94	10	0	429694
18802	95	1	0	22
18802	96	13	0	436723
18802	105	6	0	20324
18802	106	14	0	436191
18802	107	11	0	429194
18802	178	1	1	12233
18802	225	1	1	12233
18803	34	1	0	24
18803	163	9	0	1017679
18803	177	1	1	12233
18803	179	1	1	12233
18803	206	1	1	12285
18803	225	2	1	12233
18803	249	2	1	24576
18803	283	1	1	12298
18804	37	1	1	12285
18804	79	1	1	12233
18804	140	1	1	12233
18804	179	1	1	12233
18804	217	1	1	12233
18804	218	2	1	12233
18804	220	1	1	12233
18805	108	1	1	12233
18805	109	1	1	12233
18805	165	18	1	725253
18805	178	1	1	12233
18805	222	2	1	12233
18805	223	8	1	327549
18805	227	1	1	12233
18805	228	2	0	0
18805	230	4	0	96
18805	231	1	1	12233
18805	232	2	2	12233
18805	269	9	1	434942
18806	109	3	2	24594
18806	142	1	1	12285
18806	177	1	1	12233
18806	206	1	1	12233
18806	220	1	1	12233
18806	263	2	1	12257
18807	137	1	1	12298
18807	179	1	1	12233
18807	221	1	1	12233
18808	4	1	1	12233
18808	104	1	1	0
18808	106	1	1	12233
18808	137	11	3	98138
18808	180	1	1	12233
18808	220	2	1	12233
18809	27	8	1	327601
18809	39	7	1	327577
18809	51	1	1	12298
18809	104	1	1	12285
18809	110	1	1	12233
18809	139	1	1	12298
18809	150	2	1	12257
18809	161	1	1	12233
18809	179	1	1	12233
18809	233	6	0	315292
18810	91	1	0	24
18810	93	1	0	24
18810	131	2	1	12309
18810	172	8	1	365026
18810	179	1	1	12233
18810	183	1	1	12233
18810	260	1	1	12298
18810	280	1	1	12285
18811	10	7	2	189468
18811	13	2	1	12233
18811	24	1	0	37501
18811	119	1	1	12233
18811	159	1	1	12233
18811	178	1	1	12233
18811	223	4	2	24466
18811	234	2	2	24466
18812	84	1	1	12285
18812	169	1	1	12298
18812	174	2	2	24466
18812	177	1	1	12233
18812	225	2	1	12233
18812	226	1	1	12233
18812	227	1	0	0
18812	236	2	1	12257
18813	94	1	1	12285
18813	179	1	1	12233
18814	63	2	1	19305
18814	73	3	2	24490
18814	178	1	1	12233
18814	230	1	1	12233
18814	257	1	1	12233
18814	258	1	0	0
18815	46	1	1	12233
18815	48	1	1	12233
18815	73	3	1	12257
18815	80	1	0	24
18815	179	1	1	12233
18815	221	1	1	12233
18815	251	14	1	421827
18816	61	1	1	12233
18816	163	2	1	12257
18816	179	1	1	12233
18816	189	1	1	12298
18816	249	1	1	12233
18816	267	1	1	12233
18817	19	1	1	0
18817	70	3	3	36699
18817	74	2	0	7072
18817	174	1	1	0
18817	179	1	1	12233
18817	224	3	3	36699
18818	1	1	1	12233
1	0	0	0	4	0	0	27097602	0	0	27089011	0	/wp/wp-includes/wlwmanifest.xml
1	18	0	0	0	27064930	0	0	27064930	0	0	1386	/.well-known/pki-validation/AE3351A5B97FF6F09D0734F27D2FC0AF.txt
1	0	0	1	0	0	27084208	0	0	27084208	0	0	/archiver/
1	0	0	0	1	0	0	27084206	0	0	27084206	0	/addons/theme/stv1/_static/ts2/layout.css
1	0	0	0	1	0	0	27084206	0	0	27084206	0	/helpnew/faq/faq_simple_zh_CN.jsp
1	0	0	0	1	0	0	27084207	0	0	27084207	0	/images/logo_88x31.gif
1	0	0	0	1	0	0	27084206	0	0	27084206	0	/addons/theme/stv2/_static/ts2/layout.css
1	0	0	0	1	0	0	27084205	0	0	27084205	0	/tpl/login/user/images/login_bg_1.jpg
1	0	0	0	1	0	0	27084207	0	0	27084207	0	/rss.aspx
1	0	0	0	2	0	0	27090151	0	0	27089011	0	/2015/wp-includes/wlwmanifest.xml
1	0	0	0	1	0	0	27084208	0	0	27084208	0	/license.txt
1	0	0	0	1	0	0	27077565	0	0	27077565	0	/wordpress
1	0	0	0	1	0	0	27084207	0	0	27084207	0	/admin.php
1	0	0	0	1	0	0	27084206	0	0	27084206	0	/admin/start/index.php
1	1	0	0	0	27064654	0	0	27064654	0	0	64	/.well-known/pki-validation/62DC3236AB50D7C032220930353F9A66.txt
1	0	0	1	0	0	27084205	0	0	27084205	0	0	/test_404_page/
1	0	0	0	1	0	0	27084206	0	0	27084206	0	/admin/SouthidcEditor/ewebeditor.asp?id=57&style=southidc
1	0	0	0	1	0	0	27084205	0	0	27084205	0	/editor/js/fckeditorcode_ie.js
1	0	0	0	1	0	0	27084207	0	0	27084207	0	/include/install_ocx.aspx
1	0	0	0	1	0	0	27084206	0	0	27084206	0	/Scripts/jquery/maticsoft.jquery.min.js
1	0	0	0	1	0	0	27084206	0	0	27084206	0	/app/home/skins/default/style.css
1	0	0	0	1	0	0	27084206	0	0	27084206	0	/forums/list.page
1	1	0	0	0	27064654	0	0	27064654	0	0	64	/.well-known/pki-validation/2A2D40A816CE84685AA17E0E63E5C4C9.txt
1	0	0	0	2	0	0	27088317	0	0	27068510	0	/wordpress/old-index.php?daksldlkdsadas=1
1	0	0	0	1	0	0	27084208	0	0	27084208	0	/images/Default_bg_002.gif
1	0	0	0	1	0	0	27084206	0	0	27084206	0	/admin/login.aspx
1	0	0	0	1	0	0	27084206	0	0	27084206	0	/admin/SouthidcEditor/ButtonImage/standard/componentmenu.gif
1	0	0	0	1	0	0	27084206	0	0	27084206	0	/CuteSoft_Client/CuteEditor/ImageEditor/listfiles.aspx
1	0	0	1	0	0	27080364	0	0	27080364	0	0	/manager/
1	0	0	0	4	0	0	27096388	0	0	27080364	0	/admin/
1	4	0	0	0	27077137	0	0	27074282	0	0	204156	/admin/js/bootstrap.min.js
1	0	0	0	2	0	0	27087317	0	0	27065943	0	/.env
1	0	0	0	1	0	0	27080365	0	0	27080365	0	/js/mage/cookies.js
1	0	0	0	1	0	0	27084206	0	0	27084206	0	/Error.aspx
1	0	0	0	1	0	0	27084207	0	0	27084207	0	/plus/rssmap.html
1	0	0	0	1	0	0	27084208	0	0	27084208	0	/nobody/mobile.htm?Login=Captcha
1	0	0	0	1	0	0	27084205	0	0	27084205	0	/License.txt
1	39	0	0	0	27094857	0	0	27065675	0	0	968490	/js/holder.min.js
1	0	0	0	1	0	0	27084206	0	0	27084206	0	/app/images/login/toplogo.gif
1	0	0	1	1	0	27077565	27065236	0	27077565	27065236	0	/site/
1	0	0	0	1	0	0	27084207	0	0	27084207	0	/Help
1	0	0	0	1	0	0	27084207	0	0	27084207	0	/base/login/login.php
1	0	0	0	1	0	0	27084206	0	0	27084206	0	/admin/index.php
1	0	0	0	1	0	0	27077565	0	0	27077565	0	/main
1	1	1	0	0	27084205	0	0	27084205	0	0	12233	/?q=login.destroy.session&r=0.01231231230
1	0	0	0	1	0	0	27084205	0	0	27084205	0	/admin/template/article_more/config.htm
1	0	0	0	1	0	0	27092370	0	0	27092370	0	/wp-login.php?34.77.162.18
1	0	0	0	5	0	0	27071170	0	0	27065014	0	/wp/wp-login.php
1	0	0	0	1	0	0	27077565	0	0	27077565	0	/site
1	0	0	0	1	0	0	27084205	0	0	27084205	0	/fckeditor/editor/js/fckeditorcode_ie.js
1	0	0	0	1	0	0	27084206	0	0	27084206	0	/Admin/Common/HelpLinks.xml
1	0	0	0	1	0	0	27084205	0	0	27084205	0	/FCK/fckeditor.js
1	0	0	0	1	0	0	27066175	0	0	27066175	0	/.env?91.199.212.132
1	0	0	0	1	0	0	27084207	0	0	27084207	0	/images/zh-CN/logo.ico
1	1	0	0	0	27064654	0	0	27064654	0	0	64	/.well-known/pki-validation/EDE6D69E3FE9554FE1B30CFA5B81F124.txt
1	0	0	0	1	0	0	27084207	0	0	27084207	0	/history.txt
1	0	0	0	1	0	0	27084207	0	0	27084207	0	/plug/publish
1	0	0	0	1	0	0	27084206	0	0	27084206	0	/plugin.php?id=milu_seotool:sitemap&tpl=no&myac=milu_seotool_cron&inajax=1
1	1	0	0	0	27075414	0	0	27075414	0	0	22	/enviaremail?nome=Marcelo web&email=marcelo.moreira@refrio.com.br&observacao=Teste do site para finalizar
1	0	0	0	2	0	0	27088316	0	0	27068511	0	/wordpress/wp-load.php?daksldlkdsadas=1
1	2	2	0	0	27082768	0	0	27079740	0	0	24531	/?34.96.130.32
1	0	0	0	1	0	0	27077730	0	0	27077730	0	/.env?34.96.130.32
1	0	0	0	1	0	0	27084207	0	0	27084207	0	/help/user/
1	0	0	0	5	0	0	27071170	0	0	27065014	0	/blog/wp-login.php
1	0	0	0	1	0	0	27084207	0	0	27084207	0	/datacenter/downloadApp/showDownload.do
1	0	0	0	1	0	0	27084206	0	0	27084206	0	/Wq_StranJF.js
1	0	0	0	1	0	0	27077565	0	0	27077565	0	/wp2
1	0	0	0	1	0	0	27077565	0	0	27077565	0	/wp1
1	0	0	1	1	0	27077565	27065236	0	27077565	27065236	0	/wordpress/
1	0	0	0	1	0	0	27084206	0	0	27084206	0	/ymail/images/index_r1_c4.jpg
1	0	0	0	1	0	0	27084207	0	0	27084207	0	/jcms/index.jsp
1	0	0	1	1	0	27077565	27065236	0	27077565	27065236	0	/wp/
1	0	0	1	1	0	27077565	27065236	0	27077565	27065236	0	/dev/
1	56	0	0	0	27094857	0	0	27065675	0	0	3006388	/js/jquery-3.3.1.slim.min.js
1	0	0	0	1	0	0	27084207	0	0	27084207	0	/data/admin/ver.txt
1	0	0	0	1	0	0	27084205	0	0	27084205	0	/admin/inc/xml.xslt
1	0	0	0	1	0	0	27084205	0	0	27084205	0	/FCK/editor/js/fckeditorcode_ie.js
1	0	0	0	28	0	0	27075417	0	0	27067557	0	/js/popper.min.js.map
1	0	0	0	1	0	0	27084206	0	0	27084206	0	/Admin/Login.aspx
1	1	1	0	0	27070442	0	0	27070442	0	0	12233	/?179.213.68.92
1	1	1	0	0	27084208	0	0	27084208	0	0	12233	/?c=4e5e5d7364f443e28fbf0d3ae744a59a
1	0	0	0	1	0	0	27084207	0	0	27084207	0	/plus/heightsearch.php
1	37	0	0	0	27094857	0	0	27065675	0	0	1050028	/img/marcelo.jpg
1	0	0	0	1	0	0	27084208	0	0	27084208	0	/was/help.jsp
1	9	0	0	0	27064608	0	0	27064608	0	0	693	/.well-known/pki-validation/37E3658D6DB9305A56F437562CF1C062.txt
1	0	0	1	0	0	27084205	0	0	27084205	0	0	/docs/
1	0	0	0	1	0	0	27077565	0	0	27077565	0	/demo
1	0	0	0	1	0	0	27084207	0	0	27084207	0	/public/about.html
1	0	0	0	1	0	0	27084206	0	0	27084206	0	/themes/default/graphics/favicon.ico
1	0	0	0	1	0	0	27084207	0	0	27084207	0	/script/login.js
1	0	0	0	1	0	0	27084206	0	0	27084206	0	/console/js/CTRSRequestParam.js
1	0	0	0	1	0	0	27083761	0	0	27083761	0	/wordpress/content/plugins/wp-user-avatar/assets/css/hint.min.css
1	0	0	0	1	0	0	27084207	0	0	27084207	0	/lang/en.js
1	0	0	0	1	0	0	27084207	0	0	27084207	0	/script/valid_formdata.js
1	0	0	0	5	0	0	27071170	0	0	27065014	0	/wordpress/wp-login.php
1	0	0	0	1	0	0	27084208	0	0	27084208	0	/Site/Pages/WebResources.ashx/PoweredByKodakImage
1	0	0	0	4	0	0	27097602	0	0	27089011	0	/wp1/wp-includes/wlwmanifest.xml
1	0	0	1	1	0	27077565	27065236	0	27077565	27065236	0	/tmp/
1	0	0	0	1	0	0	27084208	0	0	27084208	0	/eams/static/scripts/grade/course/input.js
1	0	0	0	1	0	0	27077565	0	0	27077565	0	/dev
1	0	0	0	1	0	0	27077565	0	0	27077565	0	/wp
1	0	0	0	4	0	0	27097602	0	0	27089011	0	/site/wp-includes/wlwmanifest.xml
1	0	0	0	1	0	0	27084205	0	0	27084205	0	/auth/login
1	1	0	0	0	27064654	0	0	27064654	0	0	64	/.well-known/pki-validation/A9988952F60866F372C5A6581B83BAD8.txt
1	0	0	0	1	0	0	27084206	0	0	27084206	0	/API/DW/Dwplugin/SystemLabel/SiteConfig.htm
1	0	0	0	1	0	0	27084207	0	0	27084207	0	/adminsoft/templates/images/login_bg_top.jpg
1	0	0	0	1	0	0	27084208	0	0	27084208	0	/img/pic/login/top-left.jpg
1	38	0	0	0	27094857	0	0	27065675	0	0	4672338	/css/bootstrap.min.css
1	0	0	0	1	0	0	27084207	0	0	27084207	0	/system/language/zh-cn.xml
1	0	0	0	1	0	0	27097602	0	0	27097602	0	/2020/wp-includes/wlwmanifest.xml
1	0	0	0	2	0	0	27097602	0	0	27096832	0	/2019/wp-includes/wlwmanifest.xml
1	0	0	0	1	0	0	27084205	0	0	27084205	0	/maintlogin.jsp
1	0	0	0	4	0	0	27097602	0	0	27089011	0	/cms/wp-includes/wlwmanifest.xml
1	0	0	0	1	0	0	27084208	0	0	27084208	0	/wp-cron.php
1	0	0	0	1	0	0	27077565	0	0	27077565	0	/cms
1	0	0	0	1	0	0	27084205	0	0	27084205	0	/ckfinder/install.txt
1	0	0	0	1	0	0	27084207	0	0	27084207	0	/examples/file-manager.html
1	0	0	0	1	0	0	27084207	0	0	27084207	0	/doku.php
1	0	0	0	1	0	0	27084207	0	0	27084207	0	/404.jpg
1	0	0	0	1	0	0	27077565	0	0	27077565	0	/web
1	0	0	0	1	0	0	27084205	0	0	27084205	0	/phpmyadmin/favicon.ico
1	0	0	0	1	0	0	27084206	0	0	27084206	0	/themes/graphics/horde-power1.png
1	0	0	0	1	0	0	27084206	0	0	27084206	0	/images/2_11.gif
1	0	0	0	1	0	0	27084205	0	0	27084205	0	/images/login/icon-up.gif
1	1	0	0	0	27064654	0	0	27064654	0	0	64	/.well-known/pki-validation/880B78CA142EE36D472F270C2763C8B5.txt
1	41	0	0	0	27096850	0	0	27067106	0	0	260323	/contato
1	0	0	0	1	0	0	27084207	0	0	27084207	0	/kindeditor.js
1	1	0	0	0	27084205	0	0	27084205	0	0	12283	/index.php?m=wap
1	21	0	0	0	27095856	0	0	27067668	0	0	504	/robots.txt
1	0	0	0	1	0	0	27086720	0	0	27086720	0	/wordpress/wp-content/plugins/wp-user-avatar/assets/css/hint.min.css?34.77.162.18
1	0	0	0	1	0	0	27084207	0	0	27084207	0	/member/space/company/info.txt
1	0	0	0	1	0	0	27084206	0	0	27084206	0	/User/Login.aspx
1	0	0	0	1	0	0	27084207	0	0	27084207	0	/licence.txt
1	0	0	0	1	0	0	27084206	0	0	27084206	0	/UserCenter/css/admin/bgimg/admin_all_bg.png
1	4	0	0	0	27077137	0	0	27074282	0	0	566344	/admin/css/bootstrap.min.css
1	0	0	0	1	0	0	27084206	0	0	27084206	0	/siteserver/login.aspx
1	0	0	0	1	0	0	27084207	0	0	27084207	0	/max-templates/classic/styles/app.css
1	0	0	0	1	0	0	27065943	0	0	27065943	0	/vendor/phpunit/phpunit/src/Util/PHP/eval-stdin.php
1	0	0	0	1	0	0	27084206	0	0	27084206	0	/back/scripts/jspxcms_choose.js
1	0	0	0	1	0	0	27077565	0	0	27077565	0	/test
1	14	0	0	0	27094857	0	0	27067280	0	0	51794	/quem
1	0	0	0	2	0	0	27090151	0	0	27089011	0	/2016/wp-includes/wlwmanifest.xml
1	0	0	0	1	0	0	27084206	0	0	27084206	0	/apps/admin/_static/image/login_box_bg.png
1	0	0	0	4	0	0	27097602	0	0	27089011	0	/sito/wp-includes/wlwmanifest.xml
1	0	0	0	1	0	0	27084206	0	0	27084206	0	/deptWebsiteAction.do
1	0	0	0	1	0	0	27084205	0	0	27084205	0	/administrator/manifests/files/joomla.xml
1	0	0	0	1	0	0	27084205	0	0	27084205	0	/ckeditor/ckeditor.js
1	0	0	0	4	0	0	27097602	0	0	27089010	0	/wp-includes/wlwmanifest.xml
1	0	0	0	1	0	0	27084208	0	0	27084208	0	/data/images/wap_logo.gif
1	0	0	0	1	0	0	27084207	0	0	27084207	0	/archive/archive.css
1	0	0	0	1	0	0	27084206	0	0	27084206	0	/extman/default/images/logo.gif
1	0	0	0	1	0	0	27084206	0	0	27084206	0	/siteserver/upgrade/default.aspx
1	0	0	1	1	0	27077565	27065236	0	27077565	27065236	0	/old-site/
1	0	0	0	1	0	0	27084207	0	0	27084207	0	/changelog.txt
1	0	0	0	1	0	0	27081958	0	0	27081958	0	/ads.txt
1	0	0	0	1	0	0	27084208	0	0	27084208	0	/admin/admin_login.php?act=login
1	0	0	0	1	0	0	27084205	0	0	27084205	0	/list.php
1	0	0	0	1	0	0	27084207	0	0	27084207	0	/api/api_user.xml
1	0	0	0	1	0	0	27077565	0	0	27077565	0	/v2
1	0	0	0	1	0	0	27077565	0	0	27077565	0	/v1
1	4	0	0	0	27077137	0	0	27074282	0	0	2079	/admin/js/ie10-viewport-bug-workaround.js
1	1	0	0	0	27081188	0	0	27081188	0	0	24	/robots.txt?34.77.162.18
1	0	0	0	1	0	0	27095464	0	0	27095464	0	/wordpress/wp-content/db-cache.php
1	0	0	0	4	0	0	27097602	0	0	27089011	0	/wordpress/wp-includes/wlwmanifest.xml
1	0	0	1	1	0	27077565	27065236	0	27077565	27065236	0	/cms/
1	0	0	0	1	0	0	27084208	0	0	27084208	0	/uc_server/control/admin/db.php
1	0	0	0	1	0	0	27084205	0	0	27084205	0	/docs.css
1	0	0	0	1	0	0	27084207	0	0	27084207	0	/admin/login.php
1	0	0	0	1	0	0	27084205	0	0	27084205	0	/ckfinder/ckfinder.html
1	0	0	0	10	0	0	27089400	0	0	27086863	0	/sitemap.xml
1	6	6	0	0	27096579	0	0	27083541	0	0	61269	/?34.77.162.18
1	1	0	0	0	27084205	0	0	27084205	0	0	12283	/index.php?m=admin
1	0	0	0	1	0	0	27077565	0	0	27077565	0	/old
1	0	0	0	4	0	0	27097602	0	0	27089011	0	/news/wp-includes/wlwmanifest.xml
1	0	0	0	1	0	0	27084206	0	0	27084206	0	/js/buttons.js
1	0	0	1	0	0	27075418	0	0	27075418	0	0	/enviaremail/?nome=MARCELO Refrio&email=mamdria@gmail.com&observacao=teste sem to
1	0	0	2	1	0	27084208	27065236	0	27077565	27065236	0	/blog/
1	0	0	0	1	0	0	27084205	0	0	27084205	0	/tpl/user/tpl1/css/skins/blue.css
1	0	0	0	1	0	0	27084205	0	0	27084205	0	/fckeditor/license.txt
1	0	0	0	3	0	0	27094001	0	0	27076492	0	/humans.txt
1	0	0	0	1	0	0	27084205	0	0	27084205	0	/fckeditor/fckeditor.js
1	0	0	0	1	0	0	27084206	0	0	27084206	0	/system/Login.aspx
1	0	0	1	1	0	27077565	27065236	0	27077565	27065236	0	/v2/
1	0	0	0	1	0	0	27077565	0	0	27077565	0	/temp
1	0	0	0	1	0	0	27084207	0	0	27084207	0	/imagesschool/style1/flash2.jpg
1	0	0	0	1	0	0	27084207	0	0	27084207	0	/include/dedeajax2.js
1	0	0	1	1	0	27077565	27065236	0	27077565	27065236	0	/v1/
1	0	0	0	1	0	0	27084207	0	0	27084207	0	/Admin/Images/LoginImages/admin_text.gif
1	0	0	0	1	0	0	27084208	0	0	27084208	0	/Include/EcsServerApi.js
1	0	0	0	1	0	0	27084208	0	0	27084208	0	/webbuilder/script/locale/wb-lang-zh_CN.js
1	1	0	0	0	27064929	0	0	27064929	0	0	64	/.well-known/pki-validation/C50DBE6062FB0D1ABEFEB03ADC733FF6.txt
1	0	0	1	0	0	27084208	0	0	27084208	0	0	/forum/
1	0	0	0	1	0	0	27084207	0	0	27084207	0	/asp.net/README.txt
1	0	0	0	10	0	0	27089358	0	0	27086909	0	/atom.xml
1	0	0	1	0	0	27084208	0	0	27084208	0	0	/weblog/
1	0	0	0	1	0	0	27084207	0	0	27084207	0	/customdir/images/english_logo.jpg
1	0	0	1	1	0	27077565	27065236	0	27077565	27065236	0	/web/
1	4	0	0	0	27077137	0	0	27074282	0	0	279664	/admin/js/jquery-3.3.1.slim.min.js
1	0	0	0	1	0	0	27084205	0	0	27084205	0	/phpmyadmin/themes/original/img/logo_right.png
1	0	0	0	1	0	0	27084207	0	0	27084207	0	/common/common.js
1	0	0	0	1	0	0	27084206	0	0	27084206	0	/images/login9/login_33.jpg
1	0	0	0	1	0	0	27084205	0	0	27084205	0	/images/login/logo.gif
1	0	0	0	1	0	0	27084207	0	0	27084207	0	/media/com_hikashop/js/hikashop.js
1	0	0	0	1	0	0	27084205	0	0	27084205	0	/Images/login/lefttu.jpg
1	0	0	0	1	0	0	27084207	0	0	27084207	0	/feed.asp
1	0	0	0	1	0	0	27084205	0	0	27084205	0	/images/login/eyoumail.gif
1	0	0	0	1	0	0	27084206	0	0	27084206	0	/CuteSoft_Client/CuteEditor/Style/IE.css
1	0	0	0	1	0	0	27084206	0	0	27084206	0	/default/css/em_css.css
1	1	0	0	0	27064655	0	0	27064655	0	0	64	/.well-known/pki-validation/F777B3344C40820AB55855D8E12FA684.txt
1	0	0	0	1	0	0	27084207	0	0	27084207	0	/style/default/hdwiki.css
1	0	0	0	1	0	0	27084207	0	0	27084207	0	/public/js/ipb.js
1	0	0	0	1	0	0	27084207	0	0	27084207	0	/include/dialog/config.php
1	0	0	0	1	0	0	27084207	0	0	27084207	0	/Template/Default/Skin/user/images/login_back.jpg
1	0	0	0	4	0	0	27097602	0	0	27089011	0	/shop/wp-includes/wlwmanifest.xml
1	0	0	0	1	0	0	27084207	0	0	27084207	0	/images/logo-white.png
1	1	1	0	0	27073349	0	0	27073349	0	0	12233	/?171.13.14.84
1	0	0	0	1	0	0	27074795	0	0	27074795	0	/.env?171.13.14.84
1	1	1	0	0	27064648	0	0	27064648	0	0	682	/?C=M;O=A
1	0	0	0	4	0	0	27097602	0	0	27089011	0	/wp2/wp-includes/wlwmanifest.xml
1	0	0	0	1	0	0	27084207	0	0	27084207	0	/tools/rss.aspx
1	0	0	1	0	0	27084208	0	0	27084208	0	0	/bbs/
1	0	0	0	1	0	0	27084207	0	0	27084207	0	/images/branding/logo.gif
1	1	0	0	0	27084207	0	0	27084207	0	0	12283	/index.php
1	0	0	0	1	0	0	27084205	0	0	27084205	0	/common/help/images/helplogo_zh.gif
1	0	0	0	1	0	0	27084206	0	0	27084206	0	/README.txt
1	0	0	1	1	0	27077565	27065236	0	27077565	27065236	0	/2020/
1	0	0	1	1	0	27077565	27065236	0	27077565	27065236	0	/2019/
1	0	0	0	1	0	0	27084207	0	0	27084207	0	/plugins/filemanager/filemanager/js
1	0	0	0	1	0	0	27084207	0	0	27084207	0	/Admin/Images/LoginImages/admin_top.gif
1	0	0	0	1	0	0	27084206	0	0	27084206	0	/skin/frontend/default/modern/css/styles.css
1	0	0	0	1	0	0	27084206	0	0	27084206	0	/admin/login.asp
1	0	0	1	1	0	27077565	27065236	0	27077565	27065236	0	/old-wp/
1	0	0	1	1	0	27077565	27065236	0	27077565	27065236	0	/2018/
1	0	0	0	1	0	0	27084207	0	0	27084207	0	/Search.html
1	0	0	0	1	0	0	27077565	0	0	27077565	0	/tmp
1	0	0	0	1	0	0	27084141	0	0	27084141	0	/wordpress/wp-content/plugins/wp-user-avatar/readme.txt
1	0	0	1	1	0	27077565	27065236	0	27077565	27065236	0	/wp2/
1	41	0	0	0	27094857	0	0	27065675	0	0	4224	/css/jumbotron.css
1	0	0	0	1	0	0	27084205	0	0	27084205	0	/Images/login/mainlogo.gif
1	0	0	1	1	0	27077565	27065236	0	27077565	27065236	0	/bk/
1	0	0	0	1	0	0	27084206	0	0	27084206	0	/console/auth/reg_newuser.jsp
1	0	0	0	1	0	0	27084206	0	0	27084206	0	/Editor.js
1	0	0	0	3	0	0	27096832	0	0	27089011	0	/media/wp-includes/wlwmanifest.xml
1	0	0	1	1	0	27077565	27065236	0	27077565	27065236	0	/wp1/
1	0	0	1	0	0	27084208	0	0	27084208	0	0	/wcm/
1	0	0	0	1	0	0	27084208	0	0	27084208	0	/static/images/logo/webserver_small.gif
1	0	0	0	1	0	0	27084205	0	0	27084205	0	/web2/login_template/1.files/Logo1.jpg
1	0	0	0	1	0	0	27084208	0	0	27084208	0	/business/images/index-gg1.jpg
1	0	0	0	1	0	0	27084207	0	0	27084207	0	/template/home.htm
1	0	0	0	1	0	0	27084207	0	0	27084207	0	/Ntalker/lawfirm.aspx?17
1	0	0	0	1	0	0	27084207	0	0	27084207	0	/inc/Templates/rss.xslt
1	0	0	1	1	0	27077565	27065236	0	27077565	27065236	0	/home/
1	0	0	0	1	0	0	27084207	0	0	27084207	0	/templates/jsn_glass_pro/ext/hikashop/jsn_ext_hikashop.css
1	0	0	0	1	0	0	27084205	0	0	27084205	0	/next/img/logo.gif
1	0	0	0	1	0	0	27084206	0	0	27084206	0	/addons/theme/stv1/_static/image/favicon.ico
1	0	0	0	1	0	0	27077565	0	0	27077565	0	/bk
1	0	0	0	1	0	0	27084205	0	0	27084205	0	/images/hwem.css
1	0	0	0	4	0	0	27097602	0	0	27089011	0	/website/wp-includes/wlwmanifest.xml
1	0	0	0	1	0	0	27084207	0	0	27084207	0	/plugins/anchor/anchor.js
1	0	0	0	1	0	0	27084206	0	0	27084206	0	/whir_system/login.aspx
1	4	0	0	0	27077137	0	0	27074282	0	0	99956	/admin/js/tether.min.js
1	0	0	0	1	0	0	27084207	0	0	27084207	0	/images/favicon.ico
1	0	0	0	1	0	0	27084206	0	0	27084206	0	/whir_system/module/security/login.aspx
1	0	0	0	2	0	0	27090151	0	0	27089011	0	/2017/wp-includes/wlwmanifest.xml
1	1	0	0	0	27064655	0	0	27064655	0	0	64	/.well-known/pki-validation/EAF3AC430BC0A5EA16F97976034459BF.txt
1	0	0	0	1	0	0	27083939	0	0	27083939	0	/wordpress/wp-content/plugins/wp-user-avatar/assets/css/hint.min.css
1	0	0	0	1	0	0	27084207	0	0	27084207	0	/system/skins/default/system.login.htm
1	0	0	0	1	0	0	27084206	0	0	27084206	0	/index.cgi
1	0	0	0	1	0	0	27077565	0	0	27077565	0	/bak
1	0	0	0	1	0	0	27084207	0	0	27084207	0	/images/login_Name.jpg
1	0	0	0	1	0	0	27084207	0	0	27084207	0	/ks_inc/ajax.js
1	0	0	0	1	0	0	27084206	0	0	27084206	0	/API/DW/Dwplugin/TemplateManage/manage_site.htm
1	0	0	1	0	0	27084205	0	0	27084205	0	0	/issmall/
1	0	0	0	1	0	0	27084206	0	0	27084206	0	/ids/admin/userhome/forgetPwd.jsp
1	0	0	0	1	0	0	27084207	0	0	27084207	0	/js/ajax_x.js
1	0	0	0	1	0	0	27077565	0	0	27077565	0	/new
1	0	0	0	1	0	0	27084208	0	0	27084208	0	/system/Update.aspx
1	0	0	0	1	0	0	27084207	0	0	27084207	0	/login/Jeecms.do
1	0	0	0	1	0	0	27084206	0	0	27084206	0	/pub/guiedit/guiedit.js
1	0	0	0	1	0	0	27084205	0	0	27084205	0	/ckeditor/ckfinder/install.txt
1	0	0	0	1	0	0	27084205	0	0	27084205	0	/phpmyadmin/docs.css
1	0	0	0	1	0	0	27084206	0	0	27084206	0	/admin/SouthidcEditor/Dialog/dialog.js
1	1	0	0	0	27064654	0	0	27064654	0	0	64	/.well-known/pki-validation/F30273FA5C4465FE83CD9B037DF65045.txt
1	0	0	0	1	0	0	27084205	0	0	27084205	0	/bencandy.php
1	0	0	0	1	0	0	27084205	0	0	27084205	0	/ckeditor/ckfinder/ckfinder.html
1	1	0	0	0	27064655	0	0	27064655	0	0	64	/.well-known/pki-validation/E13B6F0023F876A7EDCCFB27589DF588.txt
1	4	0	0	0	27077137	0	0	27074282	0	0	3111	/admin/css/dashboard.css
1	0	0	0	1	0	0	27084206	0	0	27084206	0	/advfile/ad12.js
1	0	0	1	1	0	27077565	27065236	0	27077565	27065236	0	/backup/
1	0	0	1	0	0	27075411	0	0	27075411	0	0	/enviaremail/?nome=Marcelo&email=mamdria@hotmail.com&observacao=teste 14
1	0	0	17	0	0	27075363	0	0	27074282	0	0	/enviaremail/
1	1	0	0	0	27064608	0	0	27064608	0	0	64	/.well-known/pki-validation/47A52ABCBBBE38B5EF5BFCFF2146B92F.txt
1	1	0	0	0	27064654	0	0	27064654	0	0	64	/.well-known/pki-validation/23928426AAB0C91F8815B972BB461DA4.txt
1	0	0	0	1	0	0	27084207	0	0	27084207	0	/ycportal/js/wbTextBox/showimg.jsp
1	1	0	0	0	27084205	0	0	27084205	0	0	12283	/index.php?m=search
1	0	0	0	1	0	0	27084206	0	0	27084206	0	/help/ch_gb/images/help-title.gif
1	0	0	1	1	0	27077565	27065237	0	27077565	27065237	0	/new-site/
1	0	0	0	1	0	0	27077565	0	0	27077565	0	/old-site
1	0	0	0	1	0	0	27084206	0	0	27084206	0	/API/DW/Dwplugin/TemplateManage/save_template.htm
1	0	0	0	4	0	0	27097602	0	0	27089011	0	/web/wp-includes/wlwmanifest.xml
1	0	0	0	25	0	0	27075417	0	0	27067557	0	/css/bootstrap.min.css.map
1	0	0	0	1	0	0	27088319	0	0	27088319	0	/wordpress/wp-content/uploads/wp-logout.php
1	40	0	0	0	27094857	0	0	27065675	0	0	630416	/js/popper.min.js
1	0	0	0	1	0	0	27084207	0	0	27084207	0	/examples/readonly.html
1	0	0	0	1	0	0	27084207	0	0	27084207	0	/includes/general.js
1	0	0	0	1	0	0	27084207	0	0	27084207	0	/Public/Admin/Images/login_main_bg.jpg
1	0	0	0	1	0	0	27084208	0	0	27084208	0	/wp-content
1	0	0	1	1	0	27077565	27065236	0	27077565	27065236	0	/old/
1	0	0	0	1	0	0	27084206	0	0	27084206	0	/CuteSoft_Client/CuteEditor/Help/default.htm
1	0	0	0	1	0	0	27084205	0	0	27084205	0	/Images/login/biaoti.jpg
1	0	0	0	1	0	0	27084206	0	0	27084206	0	/API/DW/Dwplugin/TemplateManage/login_site.htm
1	0	0	0	28	0	0	27075417	0	0	27067557	0	/js/bootstrap.min.js.map
1	0	0	0	1	0	0	27084207	0	0	27084207	0	/Install/logo.gif
1	0	0	0	1	0	0	27084207	0	0	27084207	0	/kindeditor-min.js
1	0	0	0	1	0	0	27084207	0	0	27084207	0	/plus/download.php
1	0	0	0	1	0	0	27084207	0	0	27084207	0	/admin.php?mod=profile&u_key=123456
1	0	0	0	4	0	0	27097602	0	0	27089010	0	/blog/wp-includes/wlwmanifest.xml
1	1	0	0	0	27064654	0	0	27064654	0	0	64	/.well-known/pki-validation/4634FE7202A33A93BC76E705867A501F.txt
1	1	1	0	0	27069001	0	0	27069001	0	0	12233	/?54.176.188.51
1	1	0	0	0	27064654	0	0	27064654	0	0	64	/.well-known/pki-validation/371FDA71CD716B96AA3D4F6EBC8294B2.txt
1	0	0	0	1	0	0	27084207	0	0	27084207	0	/static/hgicon.png
1	0	0	0	1	0	0	27084207	0	0	27084207	0	/inc/rsd.php
1	40	0	0	0	27094857	0	0	27065675	0	0	1582209	/js/bootstrap.min.js
1	1	0	0	0	27085096	0	0	27085096	0	0	24	/robots.txt?128.199.200.213
1	0	0	0	1	0	0	27084205	0	0	27084205	0	/editor/fckeditor.js
1	0	0	0	1	0	0	27072234	0	0	27072234	0	/wp-content/plugins/log-http-requests/includes/include.php?U5Kn6NGT=lPzJ7kye
1	0	0	0	2	0	0	27088317	0	0	27068512	0	/wordpress/style.php?sig=rename&rename=1source_name=2
1	0	0	0	1	0	0	27084207	0	0	27084207	0	/images/logo_product-cml.png
1	0	0	0	1	0	0	27084208	0	0	27084208	0	/was/main.html
1	0	0	0	1	0	0	27084206	0	0	27084206	0	/app/images/login/logo.png
1	0	0	3	0	0	27096388	0	0	27080398	0	0	/admin
1	0	0	0	1	0	0	27084206	0	0	27084206	0	/API/DW/Dwplugin/ThirdPartyTags/SiteFactory.xml
1	0	0	0	10	0	0	27089357	0	0	27086866	0	/sitemap.xml.gz
1	0	0	0	1	0	0	27084207	0	0	27084207	0	/extern.php?action=feed&type=atom
1	57	0	0	2	27094857	0	27064648	27065378	0	27064609	0	/favicon.ico
1	0	0	0	1	0	0	27084208	0	0	27084208	0	/forum.php
1	0	0	1	0	0	27080365	0	0	27080365	0	0	/admin/content/sitetree/
1	0	0	0	2	0	0	27088317	0	0	27068509	0	/wordpress/admin.php?daksldlkdsadas=1
1	0	0	0	1	0	0	27084208	0	0	27084208	0	/custom/SkinTemplate/skin/public/images/sys-logo-1caitong-180.jpg
1	0	0	1	0	0	27084208	0	0	27084208	0	0	/admin/editor/
1	0	0	0	4	0	0	27097602	0	0	27089010	0	/xmlrpc.php?rsd
1	4	0	0	0	27077137	0	0	27074282	0	0	2889572	/admin/js/ckeditor.js
1	4	0	0	0	27077137	0	0	27074282	0	0	20188	/painel/contato
1	0	0	0	1	0	0	27084205	0	0	27084205	0	/coremail/common/help/images/helplogo.gif
1	0	0	0	1	0	0	27084205	0	0	27084205	0	/master/login.aspx
1	0	0	0	1	0	0	27084205	0	0	27084205	0	/fckeditor.js
1	0	0	1	1	0	27077565	27065236	0	27077565	27065236	0	/install/
1	0	0	0	1	0	0	27084206	0	0	27084206	0	/pub/skins/pmwiki/pmwiki.css
1	0	0	0	1	0	0	27084206	0	0	27084206	0	/console/include/not_login.htm
1	0	0	0	1	0	0	27065135	0	0	27065135	0	/.well-known/security.txt
1	0	0	0	1	0	0	27084207	0	0	27084207	0	/digg.php
1	0	0	0	1	0	0	27084206	0	0	27084206	0	/dialog/dialog.js
1	1	0	0	0	27064654	0	0	27064654	0	0	64	/.well-known/pki-validation/CB6F520DADAD7FA5CFFFB5682FA41C1A.txt
1	0	0	1	0	0	27075414	0	0	27075414	0	0	/enviaremail/?nome=Marcelo web&email=marcelo.moreira@refrio.com.br&observacao=Teste do site para finalizar
1	0	0	0	8	0	0	27089352	0	0	27086883	0	/sitemap.txt
1	0	0	0	1	0	0	27084206	0	0	27084206	0	/app/Tpl/fanwe_1/js/DD_belatedPNG_0.0.8a-min.js
1	0	0	0	1	0	0	27084207	0	0	27084207	0	/rss.php
1	0	0	0	1	0	0	27084206	0	0	27084206	0	/console/js/CWCMDialogHead.js
1	0	0	0	1	0	0	27089245	0	0	27089245	0	/sitemaps.xml?34.77.162.18
1	0	0	0	1	0	0	27084207	0	0	27084207	0	/stylesheet.css
1	0	0	0	1	0	0	27084208	0	0	27084208	0	/was5/web/index.jsp
1	0	0	0	1	0	0	27077565	0	0	27077565	0	/backup
1	0	0	1	1	0	27077565	27065236	0	27077565	27065236	0	/bak/
1	0	0	0	1	0	0	27084208	0	0	27084208	0	/logo/logo_jw.png
1	0	0	0	1	0	0	27076311	0	0	27076311	0	/wp-login.php?34.96.130.32
1	0	0	0	1	0	0	27084207	0	0	27084207	0	/plus/sitemap.html
1	0	0	1	1	0	27077565	27065236	0	27077565	27065236	0	/test/
1	0	0	0	2	0	0	27084206	0	0	27077565	0	/install
1	0	0	0	4	0	0	27097602	0	0	27089011	0	/test/wp-includes/wlwmanifest.xml
1	0	0	0	1	0	0	27084207	0	0	27084207	0	/clientscript/vbulletin_ajax_htmlloader.js
1	0	0	0	1	0	0	27096825	0	0	27096825	0	/administrator/index.php
1	0	0	0	1	0	0	27084206	0	0	27084206	0	/default/images/logo.gif
1	0	0	0	1	0	0	27084207	0	0	27084207	0	/examples/
1	0	0	1	1	0	27077565	27065236	0	27077565	27065236	0	/temp/
1	0	0	0	1	0	0	27084205	0	0	27084205	0	/fckeditor/editor/dtd/fck_dtd_test.html
1	1	0	0	0	27075418	0	0	27075418	0	0	22	/enviaremail?nome=MARCELO Refrio&email=mamdria@gmail.com&observacao=teste sem to
1	0	0	0	1	0	0	27084207	0	0	27084207	0	/archiver
1	0	0	0	1	0	0	27084206	0	0	27084206	0	/ids/admin/login.jsp
1	0	0	0	1	0	0	27084207	0	0	27084207	0	/help/en/h_authenticate.html
1	0	0	0	1	0	0	27084208	0	0	27084208	0	/Site/SystemThemes/7917A0869761B5458281E407AE0090F5/Images/ISBanner58px.jpg
1	0	0	0	1	0	0	27084208	0	0	27084208	0	/readme.html
1	0	0	0	1	0	0	27084206	0	0	27084206	0	/app/js/source/wcmlib/WCMConstants.js
1	0	0	0	1	0	0	27084205	0	0	27084205	0	/images/default/post_bt.gif
1	155	155	0	4	27097926	0	27065943	27064609	0	27065376	1721604	/
1	0	0	0	1	0	0	27084205	0	0	27084205	0	/fckeditor/fckconfig.js
1	0	0	0	1	0	0	27072335	0	0	27072335	0	/wordpress/wp-content/plugins/log-http-requests/includes/include.php
1	0	0	0	1	0	0	27084206	0	0	27084206	0	/app/login.jsp
1	0	0	0	1	0	0	27084205	0	0	27084205	0	/common/help/images/helplogo.gif
1	0	0	0	1	0	0	27084205	0	0	27084205	0	/e/master/login.aspx
1	1	0	0	0	27064654	0	0	27064654	0	0	64	/.well-known/pki-validation/CF317647353153AF5CBB56E244193603.txt
1	1	0	0	0	27075411	0	0	27075411	0	0	22	/enviaremail?nome=Marcelo&email=mamdria@hotmail.com&observacao=teste 14
1	0	0	0	1	0	0	27084207	0	0	27084207	0	/Prompt/images/P_Wrong.gif
1	0	0	1	0	0	27084208	0	0	27084208	0	0	/phpmyadmin/
1	0	0	1	1	0	27077565	27065236	0	27077565	27065236	0	/new/
1	0	0	0	1	0	0	27084206	0	0	27084206	0	/docs/DOCUMENTATION.txt
1	0	0	0	1	0	0	27084207	0	0	27084207	0	/CHANGELOG.txt
1	0	0	0	1	0	0	27084207	0	0	27084207	0	/themes/default/default.css
1	0	0	1	1	0	27077565	27065236	0	27077565	27065236	0	/demo/
1	0	0	0	1	0	0	27077565	0	0	27077565	0	/blog
1	0	0	0	1	0	0	27084206	0	0	27084206	0	/themes/default/graphics/horde-power1.png
1	0	0	0	1	0	0	27084205	0	0	27084205	0	/coremail/common/help/images/helplogo_zh.gif
1	0	0	0	1	0	0	27084206	0	0	27084206	0	/inc/playerKinds.xml
1	0	0	0	1	0	0	27084207	0	0	27084207	0	/m
1	0	0	0	3	0	0	27096832	0	0	27089011	0	/2018/wp-includes/wlwmanifest.xml
1	0	0	0	1	0	0	27077565	0	0	27077565	0	/2020
1	0	0	1	1	0	27077565	27065236	0	27077565	27065236	0	/main/
1	0	0	0	1	0	0	27077565	0	0	27077565	0	/2019
1	0	0	0	41	0	0	27096914	0	0	27065014	0	/wp-login.php
1	0	0	0	1	0	0	27077565	0	0	27077565	0	/old-wp
1	0	0	0	1	0	0	27077565	0	0	27077565	0	/2018
1	7	0	0	0	27094857	0	0	27067281	0	0	85774	/home
1	0	0	0	10	0	0	27089355	0	0	27086910	0	/sitemap_index.xml
1	0	0	0	1	0	0	27088320	0	0	27088320	0	/wordpress/wp-stream.php
1	0	0	0	1	0	0	27084205	0	0	27084205	0	/admin/js/IdSUtil.js
1	7	0	0	17	27094857	0	27075310	27075318	0	27067106	154	/enviaremail
1	0	0	1	0	0	27080365	0	0	27080365	0	0	/simpla/
1	0	0	0	7	0	0	27089353	0	0	27086857	0	/sitemaps.xml
1	0	0	0	1	0	0	27077565	0	0	27077565	0	/new-site
1	8	0	0	0	27094858	0	0	27064610	0	0	271064	/cpanel
1	0	0	0	1	0	0	27084207	0	0	27084207	0	/jcms/index_jcms.jsp
1	0	0	0	1	0	0	27084205	0	0	27084205	0	/new_gb/help/images/usage/3.3.gif
1	0	0	0	1	0	0	27072234	0	0	27072234	0	/wp-content/plugins/log-http-requests/includes/include3.php
1	2	2	0	0	27072168	0	0	27067553	0	0	24465	/?91.199.212.132
1	0	0	0	1	0	0	27084206	0	0	27084206	0	/CuteSoft_Client/CuteEditor/Images/log.gif
1	1	0	0	0	27084205	0	0	27084205	0	0	12283	/index.php?m=admin&c=index&a=login&pc_hash=
1	0	0	0	1	0	0	27084206	0	0	27084206	0	/cgi/index.cgi
1	0	0	0	1	0	0	27084206	0	0	27084206	0	/template/1/bluewise/_files/jspxcms.css
3	0	0	0	1	0	0	27077565	0	0	27077565	0	http://www.marcros.com.br/v1/
3	157	0	20	13	27094857	27075418	27075310	27067106	27074282	27067106	5354699	http://marcros.com.br/contato
3	1	0	0	0	27077565	0	0	27077565	0	0	12291	http://www.marcros.com.br/home/
3	0	0	0	1	0	0	27077565	0	0	27077565	0	http://www.marcros.com.br/test/
3	0	0	0	1	0	0	27077565	0	0	27077565	0	http://www.marcros.com.br/wp1/
3	0	0	0	1	0	0	27077565	0	0	27077565	0	http://www.marcros.com.br/old/
3	165	1	0	2	27094857	0	27064648	27064648	0	27064609	4160758	http://marcros.com.br/
3	0	0	0	1	0	0	27077565	0	0	27077565	0	http://www.marcros.com.br/web/
3	0	0	0	1	0	0	27077565	0	0	27077565	0	http://www.marcros.com.br/bak/
3	0	0	0	1	0	0	27077565	0	0	27077565	0	http://www.marcros.com.br/bk/
3	0	0	0	1	0	0	27077565	0	0	27077565	0	http://www.marcros.com.br/tmp/
3	0	0	0	1	0	0	27077565	0	0	27077565	0	http://www.marcros.com.br/install/
3	0	0	0	1	0	0	27077565	0	0	27077565	0	http://www.marcros.com.br/temp/
3	0	0	0	1	0	0	27077565	0	0	27077565	0	http://www.marcros.com.br/new-site/
3	0	0	0	1	0	0	27077565	0	0	27077565	0	http://www.marcros.com.br/backup/
3	0	0	0	1	0	0	27077565	0	0	27077565	0	http://www.marcros.com.br/cms/
3	29	0	0	0	27094857	0	0	27067280	0	0	1058840	http://marcros.com.br/quem
3	0	0	0	1	0	0	27077565	0	0	27077565	0	http://www.marcros.com.br/blog/
3	0	0	0	1	0	0	27077565	0	0	27077565	0	http://www.marcros.com.br/old-wp/
3	0	0	0	1	0	0	27077565	0	0	27077565	0	http://www.marcros.com.br/old-site/
3	8	0	0	0	27094857	0	0	27067282	0	0	160935	http://marcros.com.br/home
3	0	0	0	1	0	0	27077565	0	0	27077565	0	http://www.marcros.com.br/demo/
3	0	0	0	1	0	0	27077565	0	0	27077565	0	http://www.marcros.com.br/2020/
3	0	0	0	1	0	0	27077565	0	0	27077565	0	http://www.marcros.com.br/2019/
3	0	0	0	1	0	0	27077565	0	0	27077565	0	http://www.marcros.com.br/new/
3	3	2	0	1	27080028	0	27075265	27064624	0	27075265	5089	https://www.google.com/
3	0	0	0	1	0	0	27077565	0	0	27077565	0	http://www.marcros.com.br/dev/
3	0	0	0	1	0	0	27077565	0	0	27077565	0	http://www.marcros.com.br/main/
3	0	0	0	1	0	0	27077565	0	0	27077565	0	http://www.marcros.com.br/2018/
3	0	0	0	1	0	0	27077565	0	0	27077565	0	http://www.marcros.com.br/v2/
3	0	0	0	1	0	0	27077565	0	0	27077565	0	http://www.marcros.com.br/wp/
3	29	0	0	0	27077137	0	0	27074282	0	0	4044882	http://marcros.com.br/painel/contato
3	0	0	0	1	0	0	27077565	0	0	27077565	0	http://www.marcros.com.br/site/
3	23	0	0	0	27087890	0	0	27085096	0	0	1110774	http://www.marcros.com.br/
3	0	0	0	1	0	0	27077565	0	0	27077565	0	http://www.marcros.com.br/wordpress/
3	0	0	0	1	0	0	27077565	0	0	27077565	0	http://www.marcros.com.br/wp2/
4	1	1	0	0	27087890	0	0	27087890	0	0	12285	Mozilla/5.0 (Macintosh; Intel Mac OS X 10_9_1) AppleWebKit/537.73.11 (KHTML, like Gecko) Version/7.0.1 Safari/537.73.11
4	243	6	16	87	27094858	27075418	27075417	27065342	27074302	27065376	8017980	Mozilla/5.0 (X11; Linux x86_64) AppleWebKit/537.36 (KHTML, like Gecko) Chrome/91.0.4472.77 Safari/537.36
4	0	0	0	1	0	0	27080364	0	0	27080364	0	Mozilla/4.0 (compatible; MSIE 7.0; Windows NT 5.1; .NET CLR 1.1.4322; .NET CLR 2.0.50727)
4	1	0	0	0	27087962	0	0	27087962	0	0	37501	Mozilla/5.0 (Macintosh; Intel Mac OS X 10_7_5) AppleWebKit/537.36 (KHTML, like Gecko) Chrome/31.0.1650.63 Safari/537.36
4	2	2	0	0	27084051	0	0	27074120	0	0	24466	Mozilla/5.0 (X11; Ubuntu; Linux x86_64; rv:82.0) Gecko/20100101 Firefox/82.0
4	10	3	12	232	27084208	27084208	27084208	27084205	27084205	27084205	98138	Mozilla/5.0 (Macintosh; Intel Mac OS X 10_9_4) AppleWebKit/537.36 (KHTML, like Gecko) Chrome/36.0.1985.125 Safari/537.36
4	3	1	0	0	27093967	0	0	27093966	0	0	12257	Mozilla/5.0 (X11; Linux x86_64) AppleWebKit/537.36 (KHTML, like Gecko) Chrome/72.0.3626.121 Safari/537.36
4	1	0	0	0	27087890	0	0	27087890	0	0	132	Mozilla/5.0 (Windows NT 6.1; WOW64; rv:31.0) Gecko/20100101 Firefox/31.0
4	2	1	0	0	27069410	0	0	27069410	0	0	12309	Mozilla/5.0 (Macintosh; Intel Mac OS X 10.10; rv:59.0) Gecko/20100101 Firefox/59.0
4	32	7	0	2	27070342	0	27070279	27064648	0	27064648	484764	Mozilla/5.0 (Linux; Android 9; ASUS_X01BDA) AppleWebKit/537.36 (KHTML, like Gecko) Chrome/91.0.4472.101 Mobile Safari/537.36
4	2	1	0	1	27064620	0	27064609	27064609	0	27064609	34565	Mozilla/5.0 (Linux; Android 10; LM-X525) AppleWebKit/537.36 (KHTML, like Gecko) Chrome/91.0.4472.101 Mobile Safari/537.36
4	1	1	0	0	27097354	0	0	27097354	0	0	0	Mozilla/5.0 (Windows NT 10.0; Win64; x64) AppleWebKit/537.36 (KHTML, like Gecko) Chrome/73.0.3683.103 Safari/537.36
4	1	1	0	0	27067513	0	0	27067513	0	0	12232	Mozilla/5.0 (Windows NT 10.0; Win64; x64; rv:64.0) Gecko/20100101 Firefox/64.0
4	1	1	0	0	27064979	0	0	27064979	0	0	682	Mozilla/5.0 (Windows NT 10.0; Win64; x64) AppleWebKit/537.36 (KHTML, like Gecko) Chrome/76.0.3809.71 Safari/537.36
4	0	0	0	2	0	0	27088320	0	0	27088319	0	Mozilla/5.1 (Windows NT 6.0; WOW64) AppleWebKit/533.36 (KHTML, like Gecko) Chrome/46.0.2754.75 Safari/533.36
4	0	0	1	0	0	27080365	0	0	27080365	0	0	Mozilla/4.0 (compatible; MSIE 8.0; Windows NT 5.1; Trident/4.0; MRSPUTNIK 2, 4, 0, 490; .NET CLR 1.1.4322; .NET CLR 2.0.50727; .NET CLR 3.0.4506.2152; .NET CLR 3.5.30729; .NET4.0C; .NET4.0E)
4	1	0	0	0	27084208	0	0	27084208	0	0	0	python-requests/2.23.0
4	2	2	0	0	27096579	0	0	27084044	0	0	0	Mozilla/5.0 (Macintosh; Intel Mac OS X 10_9_3) AppleWebKit/537.36 (KHTML, like Gecko) Chrome/35.0.1916.47 Safari/537.36
4	42	27	0	0	27097926	0	0	27065912	0	0	330289	Mozilla/5.0 (X11; Linux x86_64) AppleWebKit/537.36 (KHTML, like Gecko) Chrome/83.0.4103.97 Safari/537.36
4	1	1	0	4	27068628	0	27068628	27068628	0	27068628	12233	Mozilla/5.0 (Windows NT 6.4; WOW64) AppleWebKit/537.36 (KHTML, like Gecko) Chrome/41.0.2225.0 Safari/537.36
4	4	1	0	0	27072168	0	0	27072168	0	0	191452	Mozilla/5.0 (Linux; Android 8.0; Pixel 2 Build/OPD3.170816.012) AppleWebKit/537.36 (KHTML, like Gecko) Chrome/75.0.3765.0 Mobile Safari/537.36
4	12	6	0	0	27092528	0	0	27067668	0	0	73698	Mozilla/5.0 (compatible; Googlebot/2.1; +http://www.google.com/bot.html)
4	1	1	0	0	27078863	0	0	27078863	0	0	12233	Mozilla/5.0 (Macintosh; Intel Mac OS X 10_8_3) AppleWebKit/537.31 (KHTML, like Gecko) Chrome/26.0.1410.65 Safari/537.31
4	1	0	0	0	27087890	0	0	27087890	0	0	12291	Mozilla/5.0 (X11; Linux x86_64) AppleWebKit/537.36 (KHTML, like Gecko) Chrome/31.0.1650.63 Safari/537.36
4	10	1	0	0	27080028	0	0	27080027	0	0	368743	Mozilla/5.0 (Linux; Android 10; Redmi Note 8) AppleWebKit/537.36 (KHTML, like Gecko) Chrome/91.0.4472.120 Mobile Safari/537.36
4	2	1	0	0	27095856	0	0	27095856	0	0	12257	Mozilla/5.0 (Windows NT 10.0; Win64; x64) AppleWebKit/537.36 (KHTML, like Gecko; compatible; BW/1.1; bit.ly/2W6Px8S) Chrome/84.0.4147.105 Safari/537.36
4	3	2	29	57	27077565	27077565	27077565	27065236	27077565	27065236	25263	Mozilla/5.0 (Linux; Android 5.1.1; SM-J111F) AppleWebKit/537.36 (KHTML, like Gecko) Chrome/73.0.3683.90 Mobile Safari/537.36
4	1	0	0	0	27064610	0	0	27064610	0	0	33883	Mozilla/5.0 (Windows NT 10.0; Win64; x64) AppleWebKit/537.36 (KHTML, like Gecko) Chrome/91.0.4472.101 Safari/537.36
4	0	0	0	1	0	0	27096825	0	0	27096825	0	Mozilla/5.0 (Macintosh; Intel Mac OS X 10_10_1) AppleWebKit/537.36 (KHTML, like Gecko) Chrome/39.0.2171.95 Safari/537.36
4	3	3	0	18	27096832	0	27096832	27096832	0	27096832	36699	Mozilla/5.0 (Windows NT 10.0; Win64; x64) AppleWebKit/537.36 (KHTML, like Gecko) Chrome/80.0.3987.149 Safari/537.36
4	18	0	0	0	27086127	0	0	27067678	0	0	945876	Mozilla/5.0 AppleWebKit/537.36 (KHTML, like Gecko; compatible; Googlebot/2.1; +http://www.google.com/bot.html) Chrome/91.0.4472.90 Safari/537.36
4	2	1	0	0	27092475	0	0	27092475	0	0	19305	Embarcadero URI Client/1.0
4	20	5	0	0	27092528	0	0	27067668	0	0	765618	Mozilla/5.0 (Linux; Android 6.0.1; Nexus 5X Build/MMB29P) AppleWebKit/537.36 (KHTML, like Gecko) Chrome/91.0.4472.90 Mobile Safari/537.36 (compatible; Googlebot/2.1; +http://www.google.com/bot.html)
4	0	0	1	0	0	27080364	0	0	27080364	0	0	Mozilla/5.0 (Windows; U; Windows NT 6.0; ru; rv:1.9.2.26) Gecko/20120128 Firefox/3.6.26 ( .NET CLR 3.5.30729; .NET4.0C) sputnik 2.5.2.22
4	4	2	0	0	27090462	0	0	27069884	0	0	24514	Mozilla/5.0 (compatible; YandexBot/3.0; +http://yandex.com/bots)
4	34	0	0	0	27064930	0	0	27064608	0	0	2410	COMODO DCV
4	1	1	0	4	27068201	0	27068201	27068201	0	27068201	12233	Mozilla/5.0 (Macintosh; Intel Mac OS X 10_9_0) AppleWebKit/537.36 (KHTML, like Gecko) Chrome/32.0.1664.3 Safari/537.36
4	2	2	0	0	27068376	0	0	27068376	0	0	12233	Mozilla/4.0 (compatible; MSIE 7.0; AOL 9.0; Windows NT 6.1; WOW64; Trident/7.0; SLCC2; .NET CLR 2.0.50727; .NET CLR 3.5.30729; .NET CLR 3.0.30729; Media Center PC 6.0; HPNTDF; .NET4.0C; tb-gmx/2.6.7; .NET4.0E)
4	1	0	0	0	27087890	0	0	27087890	0	0	3765	Mozilla/5.0 (Macintosh; Intel Mac OS X 10.9; rv:26.0) Gecko/20100101 Firefox/26.0
4	15	1	0	0	27067282	0	0	27067280	0	0	413453	Mozilla/5.0 (Windows NT 10.0; Win64; x64) AppleWebKit/537.36 (KHTML, like Gecko) Chrome/91.0.4472.106 Safari/537.36
4	2	0	0	0	27096850	0	0	27096850	0	0	7072	Mozilla/5.0 (Windows NT 10.0) AppleWebKit/537.36 (KHTML, like Gecko) Chrome/43.0.2376.69 Safari/537.36
4	13	1	0	0	27073493	0	0	27073493	0	0	479645	Mozilla/5.0 (Windows NT 10.0; Win64; x64) AppleWebKit/537.36 (KHTML, like Gecko) Chrome/64.0.3282.140 Safari/537.36 Edge/17.17134
4	15	15	0	0	27095345	0	0	27064957	0	0	172365	Expanse, a Palo Alto Networks company, searches across the global IPv4 space multiple times per day to identify customers&#39; presences on the Internet. If you would like to be excluded from our scans, please send IP addresses/domains to: scaninfo@paloaltonetworks.com
4	2	2	0	0	27095985	0	0	27079746	0	0	24531	Mozilla/5.0 (Macintosh; Intel Mac OS X 11_2_3) AppleWebKit/537.36 (KHTML, like Gecko) Chrome/89.0.4389.90 Safari/537.36
4	0	0	0	37	0	0	27096914	0	0	27065688	0	Mozilla/5.0 (X11; Ubuntu; Linux x86_64; rv:62.0) Gecko/20100101 Firefox/62.0
4	9	0	0	0	27064930	0	0	27064930	0	0	693	Sectigo DCV
4	0	0	1	0	0	27080365	0	0	27080365	0	0	Mozilla/5.0 (Macintosh; U; Intel Mac OS X 10_6_3; HTC_Sensation_Z710e; ru-ru) AppleWebKit/533.16 (KHTML, like Gecko) Version/5.0 Safari/533.16
4	1	0	0	0	27073493	0	0	27073493	0	0	24	Mozilla/5.0 (Windows NT 6.1) AppleWebKit/537.36 (KHTML, like Gecko) Chrome/41.0.2228.0 Safari/537.36
4	1	1	0	0	27077208	0	0	27077208	0	0	12233	Mozilla/5.0 (Windows NT 6.1; WOW64) AppleWebKit/537.36 (KHTML, like Gecko) Chrome/36.0.1985.125 Safari/537.36
4	3	3	0	17	27097602	0	27097602	27097602	0	27097602	36699	Mozilla/5.0 (Windows NT 10.0; Win64; x64) AppleWebKit/537.36 (KHTML, like Gecko) Chrome/88.0.4240.193 Safari/537.36
4	1	0	0	0	27087890	0	0	27087890	0	0	141586	Mozilla/5.0 (Windows NT 6.2; Win64; x64; rv:27.0) Gecko/20100101 Firefox/27.0
4	1	1	0	0	27087801	0	0	27087801	0	0	12285	Mozilla/5.0 (compatible; MSIE 9.0; Windows NT 6.1; WOW64; Trident/5.0) AppleWebKit/537.22 (KHTML, like Gecko) Chrome/25.0.1364.172 Safari/537.22
4	55	1	4	12	27074327	27074288	27074288	27074281	27074282	27074282	2962118	Mozilla/5.0 (X11; Ubuntu; Linux x86_64; rv:89.0) Gecko/20100101 Firefox/89.0
4	1	1	0	0	27081670	0	0	27081670	0	0	12233	python-requests/2.24.0
4	0	0	0	5	0	0	27077730	0	0	27065943	0	Mozilla/5.0 (X11; Linux x86_64) AppleWebKit/537.36 (KHTML, like Gecko) Chrome/81.0.4044.129 Safari/537.36
4	1	1	0	4	27071170	0	27071170	27071170	0	27071170	12233	Mozilla/5.0 (Macintosh; Intel Mac OS X 10_10_1) AppleWebKit/537.36 (KHTML, like Gecko) Chrome/41.0.2227.1 Safari/537.36
4	1	1	0	0	27064625	0	0	27064625	0	0	686	Mozilla/5.0 (Windows NT 10.0; WOW64) AppleWebKit/537.36 (KHTML, like Gecko) Chrome/91.0.4472.77 Safari/537.36
4	2	2	0	0	27073832	0	0	27072261	0	0	24583	Mozilla/5.0 (iPhone; CPU iPhone OS 9_3 like Mac OS X) AppleWebKit/601.1.46 (KHTML, like Gecko) Mobile/13E233 MicroMessenger/6.3.15 NetType/WIFI Language/zh_CN
4	1	1	0	0	27064624	0	0	27064624	0	0	686	Mozilla/5.0 (Windows NT 10.0; Win64; x64) AppleWebKit/537.36 (KHTML, like Gecko) Chrome/90.0.4430.93 Safari/537.36
4	23	23	0	0	27097379	0	0	27065688	0	0	281357	Mozilla/5.0 (compatible; MSIE 9.0; Windows NT 6.1; WOW64; Trident/5.0)
4	0	0	0	1	0	0	27080365	0	0	27080365	0	Mozilla/5.0 (X11; Linux i686) AppleWebKit/535.7 (KHTML, like Gecko) Chrome/16.0.912.77 Safari/535.7
4	1	1	0	0	27078159	0	0	27078159	0	0	12233	Mozilla/5.0 (Windows NT 10.0; Win64; x64) AppleWebKit/537.36 (KHTML, like Gecko) Chrome/80.0.3987 Safari/537.36
4	3	3	0	0	27077351	0	0	27065033	0	0	25205	Mozilla/5.0 (Windows NT 6.1; rv:57.0) Gecko/20100101 Firefox/57.0
4	15	1	0	57	27086866	0	27089400	27076492	0	27076492	327717	Mozilla/5.0 (compatible; bingbot/2.0; +http://www.bing.com/bingbot.htm)
4	1	1	0	0	27080364	0	0	27080364	0	0	12233	Mozilla/5.0 (Windows NT 6.1; WOW64; rv:7.0.1) Gecko/20100101 Firefox/7.0.1
4	1	1	0	1	27066740	0	27065135	27066740	0	27065135	12284	Mozilla/5.0 (X11; Ubuntu; Linux x86_64; rv:58.0) Gecko/20100101 Firefox/58.0
4	1	1	0	4	27065014	0	27065014	27065014	0	27065014	682	Mozilla/5.0 (Windows NT 5.1) AppleWebKit/537.36 (KHTML, like Gecko) Chrome/35.0.2117.157 Safari/537.36
4	2	2	0	0	27070449	0	0	27067483	0	0	24582	Mozilla/5.0 (Macintosh; Intel Mac OS X 10_14_6) AppleWebKit/537.36 (KHTML, like Gecko) Chrome/76.0.3809.132 Safari/537.36
4	1	0	0	0	27087890	0	0	27087890	0	0	7124	Mozilla/5.0 (Windows NT 6.0; rv:26.0) Gecko/20100101 Firefox/26.0
4	8	1	0	0	27087260	0	0	27087260	0	0	365026	Mozilla/5.0 (Windows NT 10.0; Win64; x64) AppleWebKit/537.36 (KHTML, like Gecko) Chrome/91.0.4472.114 Safari/537.36 OPR/77.0.4054.146
4	1	1	0	4	27067803	0	27067804	27067803	0	27067804	12233	Mozilla/5.0 (Windows NT 5.1) AppleWebKit/537.36 (KHTML, like Gecko) Chrome/35.0.3319.102 Safari/537.36
4	3	3	2	2	27096287	27096388	27096388	27070164	27080398	27080398	36699	Mozilla/5.0 (X11; Linux x86_64) AppleWebKit/537.36 (KHTML, like Gecko) Chrome/51.0.2704.103 Safari/537.36
4	1	0	0	1	27094001	0	27094001	27094001	0	27094001	24	Mozilla/5.0 (Linux; Android 7.0; SM-G892A Build/NRD90M; wv) AppleWebKit/537.36 (KHTML, like Gecko) Version/4.0 Chrome/60.0.3112.107 Mobile Safari/537.36
4	14	0	0	0	27073493	0	0	27073493	0	0	510040	Mozilla/5.0 (Windows NT 10.0; Win64; x64) AppleWebKit/537.36 (KHTML, like Gecko) Chrome/70.0.3538.102 Safari/537.36
4	0	0	0	1	0	0	27075265	0	0	27075265	0	Mozilla/5.0 (Windows NT 10.0; Win64; x64) AppleWebKit/537.36 (KHTML, like Gecko) Chrome/91.0.4472.77 Safari/537.36
4	2	1	0	2	27081958	0	27081958	27081958	0	27081958	12257	Mozilla/5.0 (Linux; Android 8.0.0; SM-G960F Build/R16NW) AppleWebKit/537.36 (KHTML, like Gecko) Chrome/62.0.3202.84 Mobile Safari/537.36
4	0	0	0	16	0	0	27095464	0	0	27068509	0	Mozilla/5.0 (Windows NT 6.1; WOW64) AppleWebKit/537.36 (KHTML, like Gecko) Chrome/50.0.2661.75 Safari/537.36
4	1	1	0	0	27087704	0	0	27087704	0	0	12298	Mozilla/5.0 (compatible; NetcraftSurveyAgent/1.0; +info@netcraft.com)
4	1	1	0	0	27087890	0	0	27087890	0	0	12285	Mozilla/5.0 (Windows NT 6.1; rv:26.0) Gecko/20100101 Firefox/26.0
4	8	0	0	0	27080028	0	0	27080028	0	0	356510	Mozilla/5.0 (Linux; Android 10; SM-A107M) AppleWebKit/537.36 (KHTML, like Gecko) Chrome/91.0.4472.88 Mobile Safari/537.36
4	1	1	0	2	27087317	0	27087317	27087317	0	27065943	12233	python-requests/2.25.1
4	1	1	0	0	27088437	0	0	27088437	0	0	12233	Mozilla/5.0 (X11; Linux x86_64) AppleWebKit/537.36 (KHTML, like Gecko) Chrome/61.0.3163.79 Safari/537.36
4	9	1	0	0	27080549	0	0	27080549	0	0	434942	Mozilla/5.0 (X11; Linux x86_64) AppleWebKit/537.36 (KHTML, like Gecko) Chrome/91.0.4472.114 Safari/537.36
4	1	1	0	0	27080364	0	0	27080364	0	0	0	Mozilla/4.0 (compatible; MSIE 8.0; Windows NT 5.1; Trident/4.0; GTB7.0; .NET CLR 2.0.50727; .NET CLR 3.0.4506.2152; .NET CLR 3.5.30729)
4	7	7	0	0	27093314	0	0	27069001	0	0	85865	NetSystemsResearch studies the availability of various services across the internet. Our website is netsystemsresearch.com
4	4	4	0	40	27090151	0	27090151	27089010	0	27089010	48932	Mozilla/5.0 (Windows NT 10.0; Win64; x64) AppleWebKit/537.36 (KHTML, like Gecko) Chrome/63.0.3239.132 Safari/537.36
5	0	0	0	1	0	0	27077228	0	0	27077228	0	107.180.102.72
5	3	3	2	2	27096287	27096388	27096388	27070164	27080398	27080398	36699	186.202.163.106
5	1	0	0	8	27080319	0	27089353	27080319	0	27086857	132	207.46.13.84
5	0	0	0	3	0	0	27065943	0	0	27065943	0	54.186.22.229
5	0	0	0	1	0	0	27082936	0	0	27082936	0	67.205.38.108
5	1	1	0	0	27085659	0	0	27085659	0	0	12298	34.77.162.10
5	6	0	0	0	27067679	0	0	27067678	0	0	347443	66.249.64.62
5	1	1	0	0	27083187	0	0	27083187	0	0	12233	34.221.9.215
5	0	0	0	1	0	0	27072335	0	0	27072335	0	5.135.154.75
5	0	0	0	2	0	0	27087890	0	0	27087890	0	70.39.150.82
5	0	0	0	1	0	0	27084266	0	0	27084266	0	198.12.224.37
5	0	0	0	1	0	0	27088317	0	0	27088317	0	94.23.250.140
5	11	3	12	232	27084208	27084208	27084208	27084205	27084205	27084205	98138	106.55.250.60
5	3	3	0	19	27096832	0	27096832	27096832	0	27096825	36699	31.210.20.31
5	2	1	0	0	27090462	0	0	27090462	0	0	12257	213.180.203.78
5	28	1	0	0	27073493	0	0	27073493	0	0	989709	198.27.121.225
5	2	1	0	0	27087056	0	0	27087056	0	0	12309	66.249.79.85
5	0	0	0	1	0	0	27076311	0	0	27076311	0	47.74.17.225
5	1	0	0	0	27090407	0	0	27090407	0	0	0	54.187.171.223
5	1	1	0	4	27065014	0	27065014	27065014	0	27065014	682	18.229.73.207
5	8	1	0	0	27087260	0	0	27087260	0	0	365026	77.222.98.103
5	0	0	0	1	0	0	27090181	0	0	27090181	0	13.127.143.208
5	1	1	0	0	27077445	0	0	27077445	0	0	12233	54.186.231.27
5	6	1	0	0	27085710	0	0	27067668	0	0	133368	66.249.64.37
5	5	0	0	0	27080350	0	0	27080319	0	0	141682	207.46.13.142
5	1	1	0	0	27078847	0	0	27078847	0	0	12233	52.11.36.211
5	1	1	0	0	27081740	0	0	27081740	0	0	12233	34.216.75.216
5	9	3	0	0	27085765	0	0	27067668	0	0	272518	66.249.64.34
5	1	1	0	0	27073094	0	0	27073094	0	0	12233	34.219.203.30
5	2	2	0	0	27093314	0	0	27081352	0	0	24518	92.118.160.61
5	0	0	0	1	0	0	27077730	0	0	27077730	0	88.198.118.138
5	1	1	0	0	27096375	0	0	27096375	0	0	12233	54.149.174.128
5	0	0	0	1	0	0	27096914	0	0	27096914	0	138.201.116.194
5	0	0	0	1	0	0	27084404	0	0	27084404	0	138.128.178.194
5	0	0	0	1	0	0	27077336	0	0	27077336	0	64.225.102.122
5	1	1	0	10	27080319	0	27089358	27080319	0	27086909	12233	207.46.13.37
5	1	0	0	0	27087962	0	0	27087962	0	0	37501	82.80.249.143
5	3	1	0	0	27093967	0	0	27093966	0	0	12257	159.65.180.3
5	1	1	0	1	27087317	0	27087317	27087317	0	27087317	12233	212.192.241.68
5	2	1	0	0	27092475	0	0	27092475	0	0	19305	185.229.243.54
5	1	1	0	0	27071668	0	0	27071668	0	0	12233	52.34.150.133
5	23	23	0	0	27097379	0	0	27065688	0	0	281357	186.202.173.147
5	1	1	0	0	27097926	0	0	27097926	0	0	12233	34.212.163.65
5	1	1	0	0	27065912	0	0	27065912	0	0	12232	54.245.134.139
5	1	1	0	0	27082768	0	0	27082768	0	0	12298	92.118.160.41
5	2	1	0	0	27069884	0	0	27069884	0	0	12257	77.88.5.104
5	1	1	0	0	27090127	0	0	27090127	0	0	12298	92.118.160.37
5	2	2	0	0	27087890	0	0	27087801	0	0	24570	82.80.230.228
5	9	1	0	0	27080549	0	0	27080549	0	0	434942	54.189.230.128
5	1	1	0	0	27064957	0	0	27064957	0	0	687	34.77.162.4
5	1	1	0	0	27088636	0	0	27088636	0	0	12233	34.77.162.2
5	1	0	0	0	27072168	0	0	27072168	0	0	141586	171.13.14.84
5	1	1	0	0	27070259	0	0	27070259	0	0	12233	34.213.50.135
5	2	2	0	0	27095985	0	0	27079746	0	0	24531	207.180.230.64
5	1	1	0	0	27081958	0	0	27081958	0	0	12233	192.71.38.71
5	2	1	0	0	27069410	0	0	27069410	0	0	12309	64.246.165.50
5	2	2	3	2	27080364	27080365	27080365	27080364	27080364	27080364	12233	185.189.12.120
5	0	0	0	2	0	0	27095927	0	0	27095927	0	54.37.17.21
5	1	1	0	0	27091193	0	0	27091193	0	0	12285	92.118.160.17
5	1	1	0	0	27081670	0	0	27081670	0	0	12233	3.141.9.99
5	1	0	0	0	27081958	0	0	27081958	0	0	24	192.71.36.158
5	40	0	0	0	27064930	0	0	27064608	0	0	2872	142.4.16.98
5	1	0	0	0	27071673	0	0	27071673	0	0	0	54.185.44.8
5	2	0	0	0	27086127	0	0	27086127	0	0	52619	66.249.64.242
5	7	1	0	0	27086127	0	0	27085096	0	0	295426	66.249.64.240
5	1	1	0	0	27076009	0	0	27076009	0	0	12233	52.37.183.213
5	1	1	0	0	27064979	0	0	27064979	0	0	682	65.154.226.165
5	12	1	0	0	27086127	0	0	27085096	0	0	622425	66.249.64.238
5	1	1	0	0	27078863	0	0	27078863	0	0	12233	44.234.32.174
5	1	1	0	0	27084051	0	0	27084051	0	0	12233	54.203.73.198
5	1	0	0	0	27081188	0	0	27081188	0	0	24	66.249.65.19
5	0	0	0	1	0	0	27075265	0	0	27075265	0	177.11.153.5
5	1	1	0	0	27081189	0	0	27081189	0	0	12285	66.249.65.17
5	1	1	0	0	27081188	0	0	27081188	0	0	12285	66.249.65.15
5	1	1	0	0	27072168	0	0	27072168	0	0	12233	171.13.14.54
5	0	0	0	1	0	0	27085647	0	0	27085647	0	69.64.52.38
5	1	0	0	0	27072168	0	0	27072168	0	0	37501	171.13.14.53
5	1	1	0	0	27074547	0	0	27074547	0	0	12233	54.188.217.140
5	1	1	0	4	27068201	0	27068201	27068201	0	27068201	12233	35.180.147.121
5	2	0	0	0	27096850	0	0	27096850	0	0	7072	195.88.208.231
5	1	1	0	0	27093844	0	0	27093844	0	0	12233	54.190.196.21
5	1	1	0	0	27087704	0	0	27087704	0	0	12298	45.55.63.252
5	1	1	0	0	27078159	0	0	27078159	0	0	12233	157.90.167.79
5	2	2	0	0	27073832	0	0	27072261	0	0	24583	202.120.234.146
5	1	1	0	0	27073091	0	0	27073091	0	0	12233	54.190.93.218
5	0	0	0	10	0	0	27089400	0	0	27086863	0	40.77.167.108
5	0	0	0	1	0	0	27073591	0	0	27073591	0	67.205.182.253
5	1	1	0	0	27085217	0	0	27085217	0	0	12298	34.86.35.3
5	1	1	0	0	27067513	0	0	27067513	0	0	12232	107.172.183.180
5	1	1	0	0	27068825	0	0	27068825	0	0	12233	34.86.35.2
5	1	1	0	0	27090406	0	0	27090406	0	0	12233	54.244.38.79
5	0	0	0	2	0	0	27087465	0	0	27087465	0	122.116.248.74
5	1	0	0	0	27072168	0	0	27072168	0	0	132	171.13.14.40
5	1	0	0	0	27090415	0	0	27090415	0	0	0	34.213.182.122
5	1	1	0	0	27085511	0	0	27085511	0	0	12233	34.96.130.3
5	0	0	0	2	0	0	27072234	0	0	27072234	0	51.15.201.113
5	0	0	0	1	0	0	27083939	0	0	27083939	0	195.154.191.51
5	0	0	0	20	0	0	27089357	0	0	27086866	0	157.55.39.75
5	1	1	0	0	27078461	0	0	27078461	0	0	12233	34.86.35.19
5	0	0	0	1	0	0	27074795	0	0	27074795	0	165.227.233.80
5	0	0	0	1	0	0	27071453	0	0	27071453	0	178.128.76.96
5	0	0	0	1	0	0	27086212	0	0	27086212	0	64.90.48.195
5	1	1	0	0	27074536	0	0	27074536	0	0	12233	18.237.44.114
5	1	1	0	0	27074588	0	0	27074588	0	0	12298	34.86.35.15
5	0	0	0	1	0	0	27086720	0	0	27086720	0	159.203.83.245
5	1	1	0	0	27088959	0	0	27088959	0	0	12233	34.210.151.224
5	0	0	0	2	0	0	27096221	0	0	27096221	0	139.59.78.248
5	0	0	0	1	0	0	27095464	0	0	27095464	0	138.197.121.19
5	1	1	0	0	27073349	0	0	27073349	0	0	12233	34.96.130.32
5	0	0	0	1	0	0	27083761	0	0	27083761	0	128.199.200.213
5	1	0	0	0	27094001	0	0	27094001	0	0	24	93.158.91.207
5	8	0	0	0	27080028	0	0	27080028	0	0	356510	201.49.81.4
5	0	0	0	1	0	0	27090063	0	0	27090063	0	35.184.139.190
5	0	0	0	1	0	0	27094001	0	0	27094001	0	93.158.91.201
5	0	0	0	2	0	0	27075874	0	0	27075874	0	199.188.204.131
5	3	1	0	1	27064620	0	27064609	27064609	0	27064609	68448	179.213.16.135
5	1	1	0	0	27071673	0	0	27071673	0	0	12233	34.219.109.189
5	0	0	0	1	0	0	27082997	0	0	27082997	0	157.230.164.216
5	1	1	0	0	27088437	0	0	27088437	0	0	12233	34.132.222.163
5	1	1	0	0	27093449	0	0	27093449	0	0	12233	54.188.137.86
5	0	0	0	1	0	0	27092370	0	0	27092370	0	144.172.126.43
5	1	1	0	0	27085483	0	0	27085483	0	0	12285	34.96.130.18
5	1	0	0	0	27078853	0	0	27078853	0	0	0	52.40.88.125
5	1	0	0	0	27071669	0	0	27071669	0	0	0	54.186.49.41
5	2	0	0	8	27080319	0	27089352	27080319	0	27086883	52619	157.55.39.168
5	0	0	0	1	0	0	27080187	0	0	27080187	0	47.57.170.81
5	1	0	0	0	27088959	0	0	27088959	0	0	0	34.209.151.185
5	0	0	0	1	0	0	27093943	0	0	27093943	0	134.209.148.149
5	1	1	0	0	27089703	0	0	27089703	0	0	12285	34.96.130.13
5	2	1	0	0	27095856	0	0	27095856	0	0	12257	18.118.25.92
5	1	1	0	0	27088958	0	0	27088958	0	0	12233	34.217.0.201
5	1	1	0	0	27064625	0	0	27064625	0	0	686	74.125.212.83
5	0	0	0	1	0	0	27081958	0	0	27081958	0	192.71.10.105
5	0	0	0	1	0	0	27066175	0	0	27066175	0	52.151.251.237
5	1	0	0	0	27080341	0	0	27080341	0	0	0	34.214.49.69
5	1	0	0	0	27093450	0	0	27093450	0	0	0	52.34.233.165
5	0	0	0	1	0	0	27065873	0	0	27065873	0	51.178.53.9
5	1	1	0	0	27094705	0	0	27094705	0	0	12233	54.244.31.249
5	0	0	0	1	0	0	27065688	0	0	27065688	0	51.132.4.32
5	1	0	0	0	27080319	0	0	27080319	0	0	51039	157.55.39.24
5	0	0	0	1	0	0	27081958	0	0	27081958	0	192.71.225.127
5	1	1	0	0	27067483	0	0	27067483	0	0	12284	47.243.154.52
5	4	4	0	40	27090151	0	27090151	27089010	0	27089010	48932	216.128.143.86
5	0	0	0	4	0	0	27068512	0	0	27068509	0	87.98.251.172
5	3	3	0	17	27097602	0	27097602	27097602	0	27097602	36699	134.119.184.170
5	1	0	0	0	27080340	0	0	27080340	0	0	0	54.202.117.11
5	0	0	0	2	0	0	27088320	0	0	27088319	0	198.1.119.72
5	0	0	0	1	0	0	27091539	0	0	27091539	0	34.70.44.233
5	2	2	0	0	27068376	0	0	27068376	0	0	12233	89.163.225.144
5	1	1	0	0	27096579	0	0	27096579	0	0	0	45.129.18.86
5	17	2	0	1	27070342	0	27070279	27070278	0	27070279	49244	187.26.64.46
5	1	1	0	0	27080311	0	0	27080311	0	0	12233	54.186.243.65
5	0	0	0	1	0	0	27084141	0	0	27084141	0	51.255.164.109
5	1	0	0	0	27084624	0	0	27084624	0	0	0	18.236.132.4
5	0	0	0	1	0	0	27076492	0	0	27076492	0	192.71.23.211
5	2	2	0	0	27083541	0	0	27069001	0	0	24466	92.118.160.9
5	1	1	0	0	27077208	0	0	27077208	0	0	12233	185.220.101.212
5	1	1	0	0	27066740	0	0	27066740	0	0	12284	51.15.191.81
5	6	5	29	57	27077565	27077565	27077565	27065033	27077565	27065236	50468	104.154.31.26
5	323	13	20	100	27094858	27075418	27075417	27064648	27074282	27064648	11784361	179.213.68.92
5	1	1	0	0	27093830	0	0	27093830	0	0	12233	34.219.60.141
5	0	0	0	3	0	0	27088317	0	0	27088316	0	159.203.189.81
5	1	1	0	0	27087905	0	0	27087905	0	0	12233	54.201.167.73
5	0	0	0	2	0	0	27093051	0	0	27093051	0	173.236.184.100
5	1	1	0	0	27078851	0	0	27078851	0	0	12233	54.212.22.0
5	1	1	0	0	27097354	0	0	27097354	0	0	0	18.194.104.120
5	1	0	0	0	27077445	0	0	27077445	0	0	0	34.220.63.164
5	1	1	0	4	27068628	0	27068628	27068628	0	27068628	12233	13.53.64.97
5	0	0	0	1	0	0	27071417	0	0	27071417	0	192.241.195.30
5	1	1	0	0	27090413	0	0	27090413	0	0	12233	34.216.123.78
5	1	1	0	0	27084623	0	0	27084623	0	0	12233	52.34.206.130
5	1	0	0	0	27087905	0	0	27087905	0	0	0	34.219.246.194
5	1	1	0	0	27074120	0	0	27074120	0	0	12233	100.21.218.158
5	3	2	0	0	27092528	0	0	27092528	0	0	24490	66.249.69.56
5	1	1	0	4	27071170	0	27071170	27071170	0	27071170	12233	35.183.60.188
5	1	0	0	0	27065912	0	0	27065912	0	0	0	54.202.141.16
5	1	1	0	0	27073066	0	0	27073066	0	0	12233	54.203.19.108
5	1	1	0	0	27070449	0	0	27070449	0	0	12298	47.243.112.52
5	1	0	0	0	27080313	0	0	27080313	0	0	0	54.202.105.47
5	3	0	0	0	27086866	0	0	27080319	0	0	72	40.77.167.40
5	0	0	0	1	0	0	27065135	0	0	27065135	0	195.154.62.232
5	1	0	0	0	27088959	0	0	27088959	0	0	0	35.167.99.86
5	1	1	0	4	27067803	0	27067804	27067803	0	27067804	12233	54.176.188.51
5	1	0	0	0	27080319	0	0	27080319	0	0	69916	40.77.167.29
5	1	0	0	0	27076492	0	0	27076492	0	0	24	192.36.248.249
5	1	1	0	0	27084044	0	0	27084044	0	0	0	45.129.18.192
5	1	1	0	0	27064624	0	0	27064624	0	0	686	66.249.84.23
5	15	1	0	0	27067282	0	0	27067280	0	0	413453	189.111.35.222
5	1	1	0	0	27067335	0	0	27067335	0	0	12232	35.161.222.196
5	0	0	0	1	0	0	27091448	0	0	27091448	0	107.180.236.234
5	6	1	0	0	27087890	0	0	27087890	0	0	177183	82.80.249.219
5	1	1	0	0	27079740	0	0	27079740	0	0	12233	34.77.162.31
5	1	1	0	0	27080339	0	0	27080339	0	0	12233	34.217.55.219
5	0	0	0	1	0	0	27072980	0	0	27072980	0	72.167.37.139
5	0	0	0	1	0	0	27093885	0	0	27093885	0	198.12.229.126
5	1	1	0	0	27077945	0	0	27077945	0	0	12285	34.77.162.23
5	0	0	0	1	0	0	27076311	0	0	27076311	0	20.186.27.63
5	1	1	0	0	27095345	0	0	27095345	0	0	12233	34.77.162.21
5	3	0	0	0	27064930	0	0	27064930	0	0	231	91.199.212.132
5	1	1	0	0	27077739	0	0	27077739	0	0	12298	34.77.162.18
z	0	128	5	27097354	0
z	2	76	0	27095856	3875
z	3	47	12	27087890	14510
z	4	61	0	27096850	335416
z	5	349	154	27097926	10125069
z	6	41	0	27094857	8128254
c	200	627	27097926
c	301	66	27096388
c	304	75	27094857
c	404	594	27097602
c	405	11	27075265
c	500	10	27075310
