2147483647C
0 0
77389 1
3871 1
10227 1
10200 1
6525 1
7075 1
6268 1
6353 1
3003 1
1255 1
1255 1
-1255 -1
-1255 -1
1255 1
1255 1
1255 1
1255 1
1289 1
1326 1
1298 1
1302 1
1308 1
1302 1
1320 1
32210 1
3977 1
3072 1
6957 1
6270 1
6545 1
3745 1
13214 1
3859 1
7004 1
6434 1
6513 1
10236 1
19416 1
6467 1
4266 1
4430 1
6347 1
19570 1
3745 1
3805 1
4996 1
6675 1
3898 1
4787 1
10243 1
6539 1
4829 1
4681 1
4238 1
4013 1
201935 1
5684 1
4525 1
6071 1
5149 1
5908 1
3223 1
6578 1
4735 1
4526 1
4783 1
4492 1
3982 1
3916 1
16142 1
6461 1
6465 1
4630 1
6415 1
1298 1
-262822 -15
-241700 -37
-37936 -8
-65128 -10
3238 1
4513 1
4344 1
6467 1
3919 1
4473 1
5575 1
4311 1
4813 1
4789 1
4363 1
5697 1
3915 1
6312 1
4932 1
4612 1
